50 75 10 
40 18 27 7 30 21 29 14 21 50 21 19 42 49 1 19 4 26 29 26 40 26 21 16 34 33 36 32 16 41 6 5 33 8 38 12 29 41 0 25 40 21 18 5 44 44 24 48 19 2 
48 8 3 44 49 11 26 9 43 42 24 24 21 6 32 33 18 35 48 18 34 37 13 1 43 6 45 41 28 38 18 50 20 46 43 19 6 43 28 49 8 1 22 30 7 28 37 50 38 35 
42 21 46 4 48 12 35 16 3 12 4 46 11 49 41 29 17 47 21 19 19 30 45 16 34 26 44 45 25 5 29 16 1 50 45 23 11 29 39 39 15 17 34 27 16 49 30 7 45 0 
27 39 4 46 4 12 22 22 7 21 28 10 12 29 9 6 1 46 10 14 34 25 32 43 26 22 15 5 3 35 31 30 23 35 0 27 48 22 49 29 17 26 39 29 29 23 10 4 18 20 
19 26 19 25 43 46 21 8 25 24 43 5 29 15 41 29 42 12 25 14 41 42 41 3 21 44 26 5 49 18 50 42 45 18 16 11 38 11 19 13 35 36 18 13 0 33 16 16 19 41 
print
31 34 33 46 38 28 13 13 7 11 32 6 27 0 49 17 11 37 28 31 24 38 41 16 0 42 24 42 32 43 32 37 27 39 6 14 41 20 1 22 5 7 28 33 7 1 24 44 38 2 
49 36 40 39 1 14 30 50 5 37 43 12 48 44 25 4 32 41 49 33 12 3 15 41 10 22 16 35 15 3 11 13 13 0 2 39 39 6 39 19 17 31 31 15 49 30 44 30 20 42 
37 33 19 1 48 4 49 13 13 38 41 24 26 28 49 28 16 11 8 4 30 0 9 35 15 7 15 8 11 35 24 49 42 43 24 13 47 22 0 34 10 15 7 10 43 30 12 9 42 20 
13 46 45 23 31 9 4 46 42 16 4 40 39 21 33 12 34 3 9 35 38 44 24 19 3 17 24 15 26 40 9 13 35 4 36 15 38 15 35 4 31 40 44 19 10 0 5 18 29 39 
27 41 32 1 34 35 18 7 24 18 21 34 31 6 12 17 46 50 32 31 28 37 45 22 30 4 47 9 47 25 49 24 15 30 50 50 40 17 31 38 35 2 21 15 33 7 6 28 32 12 
8 9 23 27 5 2 31 2 37 2 27 35 0 17 14 50 41 28 41 21 16 25 23 11 14 30 19 46 8 0 32 41 9 30 18 15 6 23 42 43 25 18 27 25 9 16 49 50 44 39 
21 9 38 18 46 2 49 14 22 31 14 28 21 48 7 39 37 14 37 28 6 36 21 34 11 30 24 9 30 17 23 25 1 10 17 47 37 40 10 8 20 49 37 16 20 18 29 7 32 15 
35 13 1 30 47 37 10 20 20 14 11 43 13 12 3 4 33 40 45 17 23 39 15 34 4 10 1 34 17 34 49 26 21 24 6 42 10 41 36 31 29 47 48 16 34 0 20 16 15 14 
8 38 3 48 21 32 7 22 15 24 30 39 0 0 12 31 42 48 46 27 2 24 49 50 14 32 0 34 22 15 23 30 2 0 28 48 32 35 19 48 34 24 10 8 24 22 39 41 44 34 
42 46 32 40 46 46 21 20 3 18 9 26 48 11 26 50 33 33 35 1 30 18 50 14 26 49 10 39 39 4 47 30 50 2 20 19 22 15 39 25 33 48 1 5 33 1 4 15 34 39 
42 38 31 41 1 31 13 37 44 1 41 14 6 40 16 0 34 38 15 22 38 23 20 13 28 2 14 6 43 23 20 34 35 0 49 11 6 12 48 50 38 38 39 44 1 4 18 35 17 8 
7 4 31 1 17 33 28 5 39 45 2 8 2 38 34 1 49 40 38 46 13 50 7 26 18 8 31 36 18 22 44 50 0 49 0 17 5 2 47 45 48 50 27 50 37 10 25 9 24 37 
print
4 12 37 11 38 4 44 43 40 36 14 8 35 14 31 9 5 37 37 2 31 34 26 7 7 37 43 33 46 41 19 50 2 5 35 15 34 2 7 49 39 47 6 48 35 37 32 41 23 18 
17 28 1 17 10 8 3 27 15 49 17 35 48 45 14 6 9 49 33 41 21 46 37 27 44 22 38 25 37 36 43 3 38 18 20 48 26 23 49 16 46 16 0 43 35 39 23 44 11 5 
8 32 1 46 33 19 42 46 18 28 31 10 5 18 28 50 41 28 22 39 44 17 29 18 34 13 32 31 31 17 10 40 50 36 9 6 4 0 1 22 2 32 6 7 25 8 6 40 11 2 
2 29 44 32 22 1 19 3 6 25 20 16 39 44 2 22 0 31 22 1 28 49 8 34 5 33 17 36 22 28 12 49 6 5 30 2 31 24 5 37 23 0 27 36 18 29 7 18 35 29 
45 12 27 2 20 6 9 37 16 5 39 28 3 20 7 8 22 38 32 28 49 29 2 25 14 20 29 21 13 13 24 7 25 25 9 45 5 18 6 21 23 45 49 26 14 30 8 37 42 14 
39 40 43 41 39 31 35 17 1 48 4 50 4 29 24 38 49 29 30 4 24 27 23 47 3 38 26 36 49 42 0 37 31 43 1 45 24 36 36 50 8 41 50 12 19 48 25 42 27 4 
46 25 32 19 22 9 31 22 45 29 14 45 40 19 12 41 13 36 0 50 9 8 40 8 46 33 6 20 25 7 24 45 32 30 38 28 39 43 0 8 21 14 2 10 33 14 25 47 24 26 
20 34 34 34 16 29 16 22 23 15 3 22 10 10 1 22 38 15 15 38 23 10 1 25 46 9 14 20 30 12 46 50 46 4 33 37 7 23 33 31 39 37 2 23 47 28 19 8 43 34 
21 15 19 47 15 14 5 3 34 35 15 4 8 36 8 41 22 40 39 4 20 1 15 47 49 36 50 17 45 42 26 15 32 45 36 21 8 42 49 42 26 38 20 9 23 28 24 19 18 12 
49 12 13 13 34 11 24 33 3 18 49 29 7 4 48 43 50 5 8 48 21 9 10 42 18 7 44 42 27 36 29 50 23 42 12 6 28 36 13 5 28 36 34 9 15 5 27 39 10 9 
11 5 18 21 21 10 28 15 2 29 25 31 28 48 47 15 28 49 25 41 3 28 1 11 37 41 16 38 29 0 22 40 6 40 10 27 0 39 16 27 42 42 32 20 39 2 35 17 1 9 
32 29 37 7 41 49 48 31 10 27 32 32 41 12 47 1 13 21 14 30 48 5 46 3 50 34 5 34 25 31 44 32 10 4 39 0 2 11 5 38 12 37 19 2 49 15 28 12 36 42 
16 7 22 11 10 21 19 41 5 45 21 23 0 31 1 13 5 29 24 11 16 36 22 9 13 46 25 41 32 35 7 48 17 29 33 27 50 1 42 29 20 13 26 20 18 2 34 49 31 32 
9 21 43 5 30 5 0 29 46 32 39 2 3 5 5 36 6 30 12 49 8 32 11 9 27 3 11 35 1 16 41 35 37 33 41 16 38 15 20 8 48 8 35 25 13 15 36 19 45 48 
17 27 3 2 10 4 6 21 39 32 37 4 17 48 37 7 14 50 22 34 32 44 42 41 19 29 5 4 48 50 26 15 1 29 42 11 8 48 7 21 30 18 25 21 16 12 28 4 36 24 
print
12 17 43 28 7 36 6 13 14 3 37 40 43 38 43 35 50 0 6 6 47 10 24 21 31 14 33 8 18 18 7 30 9 24 7 17 9 13 4 23 42 41 37 34 3 3 43 2 29 50 
33 25 9 31 46 41 46 3 23 13 46 4 18 5 28 25 47 37 13 0 34 4 41 45 12 44 23 5 20 1 4 27 0 38 8 20 28 28 23 26 15 44 30 33 49 8 33 19 19 20 
19 28 24 34 47 10 2 19 15 22 45 44 24 19 6 6 40 34 34 37 34 23 30 14 31 2 47 38 21 40 7 14 17 5 49 39 15 0 32 5 47 27 23 45 20 29 0 9 38 8 
47 21 6 0 9 37 3 5 24 49 46 31 13 37 36 36 25 25 36 7 30 6 8 28 1 28 6 26 38 18 9 8 40 15 8 23 1 36 29 50 35 24 30 22 10 40 7 36 14 17 
17 19 48 25 47 23 2 27 50 14 20 33 22 34 48 5 6 49 41 35 22 50 33 1 21 44 15 2 3 3 19 45 22 42 19 43 14 46 45 38 10 14 20 6 22 42 11 28 14 27 
13 36 26 46 11 22 13 26 24 41 30 18 35 26 34 28 44 48 24 12 10 8 0 4 14 22 47 0 50 10 27 37 47 27 7 7 49 45 8 48 36 38 40 45 38 23 23 31 20 47 
17 4 4 17 9 43 39 30 17 13 40 18 50 10 46 31 18 18 26 0 40 36 12 29 30 50 1 2 5 47 49 22 0 27 40 34 45 28 13 11 41 3 4 15 38 50 46 30 42 46 
30 32 31 42 35 11 42 37 13 21 33 37 43 7 38 32 42 6 35 4 18 50 32 22 14 20 46 35 50 11 30 30 17 11 21 2 47 37 13 9 7 46 20 0 2 33 6 18 39 15 
print
23 31 15 29 2 3 49 22 12 23 8 17 2 25 28 48 1 49 9 14 32 16 9 2 41 37 9 22 4 48 37 1 29 26 31 5 4 3 2 41 26 10 7 2 9 9 25 11 7 34 
25 40 50 9 16 15 20 25 37 49 22 48 0 25 49 5 31 2 8 7 43 9 17 25 11 0 34 36 11 42 19 11 31 44 20 47 8 14 46 19 12 17 16 37 17 14 42 22 41 25 
29 8 34 20 33 19 20 41 5 32 32 49 17 37 16 11 7 49 25 2 17 37 45 8 24 11 47 40 33 12 14 11 20 48 31 27 42 25 17 47 31 24 19 48 10 10 8 18 8 7 
print
45 0 19 39 33 17 50 3 6 6 15 46 17 9 17 22 36 8 22 28 29 2 1 49 0 36 8 33 28 41 15 23 41 34 36 48 0 10 1 31 16 16 26 8 0 44 4 10 1 26 
38 31 29 13 3 3 50 36 10 27 0 25 50 16 33 36 13 7 20 14 39 36 5 39 44 5 6 23 40 8 49 28 13 1 15 41 4 14 0 40 42 0 14 15 16 22 25 30 29 45 
18 42 5 23 31 23 2 37 46 17 19 45 19 6 20 34 47 50 49 47 39 14 22 27 3 38 49 29 42 28 48 10 19 2 7 24 26 35 11 21 1 4 40 20 11 35 3 7 34 26 
29 22 40 0 49 18 12 22 47 4 24 44 14 17 21 21 42 47 5 27 42 31 31 6 0 16 41 29 49 49 4 27 20 19 1 43 37 13 39 7 17 12 25 5 30 20 27 21 16 6 
22 33 12 27 13 12 44 28 15 42 26 45 43 20 13 44 12 24 31 1 5 49 38 4 3 17 25 4 12 15 36 34 48 48 36 35 34 29 12 50 20 12 44 12 32 31 30 45 29 10 
20 8 33 7 12 11 50 37 40 36 2 25 45 24 47 30 9 5 8 46 4 2 8 22 39 14 27 18 8 30 2 2 38 36 35 50 47 8 11 10 44 13 10 38 11 6 42 45 11 24 
41 40 26 23 36 14 37 12 6 20 42 9 47 3 19 5 3 40 13 14 50 32 1 9 44 12 41 36 7 26 9 22 41 36 19 26 24 30 13 5 50 29 14 21 33 7 26 10 47 40 
49 20 21 50 30 14 36 45 24 17 20 34 13 35 44 6 11 42 37 49 47 10 27 10 31 9 17 7 44 38 21 42 8 16 15 12 4 26 6 29 43 0 37 31 36 30 37 21 21 48 
19 43 8 46 2 13 30 45 45 23 6 15 15 14 5 30 0 10 5 31 13 23 32 24 28 42 28 39 12 49 37 31 15 19 0 18 32 30 37 27 3 17 16 18 6 22 22 6 6 2 
38 44 50 44 17 1 35 45 40 47 17 0 1 33 19 1 25 1 32 36 28 9 2 44 1 8 40 23 40 46 50 27 13 23 20 30 24 29 24 14 25 42 14 0 49 34 1 23 9 33 
8 11 42 10 29 17 44 19 41 33 39 14 9 2 38 3 32 11 32 31 50 31 47 14 31 45 22 6 17 5 14 50 16 30 34 45 48 27 38 38 9 27 26 43 3 13 20 35 25 26 
40 49 6 36 12 11 30 8 18 21 13 32 20 29 36 4 49 33 31 36 45 15 12 21 32 15 34 2 25 33 28 14 32 9 25 18 20 4 1 12 0 14 18 20 18 4 49 16 37 4 
print
1 32 19 39 2 0 28 10 27 27 18 5 16 24 14 41 42 8 19 43 46 19 32 13 14 50 42 12 40 29 16 15 35 9 3 11 35 6 21 11 33 13 41 23 37 29 13 29 38 33 
46 7 26 27 20 40 0 37 27 40 40 17 5 24 1 33 35 36 39 30 21 47 18 12 19 4 41 33 33 2 40 3 9 15 30 4 30 5 41 6 45 30 23 50 28 24 33 37 34 46 
print
41 5 42 8 42 36 13 6 18 20 34 32 23 43 21 28 21 0 33 11 6 1 15 4 26 43 2 33 29 37 28 20 16 45 28 32 30 41 38 22 36 21 3 8 39 49 10 9 50 17 
46 30 19 10 8 45 3 11 27 6 22 29 0 38 48 29 44 27 44 31 23 29 27 0 12 15 50 47 49 49 14 44 2 7 29 11 1 6 22 2 12 18 5 13 5 3 16 23 4 34 
3 28 13 4 2 50 44 1 46 17 24 34 10 27 41 13 12 16 19 34 43 6 1 49 44 31 26 9 3 4 43 31 6 30 10 9 3 3 35 50 45 9 33 5 10 49 43 22 14 12 
30 7 43 5 30 36 10 30 19 38 34 36 43 41 16 2 50 44 31 8 43 25 17 0 4 1 49 48 48 37 34 27 44 0 6 48 36 16 27 29 3 11 14 47 26 4 49 50 49 3 
7 15 29 50 40 7 0 38 4 23 50 12 50 17 12 31 15 22 47 16 0 0 1 40 21 27 18 44 0 16 48 8 6 0 7 46 7 32 8 37 4 7 23 29 49 36 9 13 7 5 
30 33 30 5 22 25 33 14 19 33 5 41 15 11 41 22 31 22 29 13 33 33 45 6 11 44 16 45 6 48 0 10 30 4 16 26 30 23 41 23 30 46 13 46 31 28 42 11 24 45 
25 7 28 19 38 13 12 3 8 44 25 33 28 30 11 18 5 15 41 20 38 46 40 0 41 45 28 6 31 27 1 30 8 3 23 46 41 36 23 23 3 48 30 5 27 42 24 7 6 14 
1 45 34 16 19 49 10 22 5 15 49 31 45 6 34 18 1 49 28 49 22 31 20 1 36 48 43 9 29 24 49 4 43 6 20 11 5 5 33 35 20 5 15 15 11 23 7 37 21 35 
35 43 15 30 19 25 1 36 9 30 9 32 8 1 38 29 38 17 8 45 1 2 0 16 42 11 13 49 23 9 33 32 1 22 11 45 22 12 31 31 16 40 37 25 16 49 28 3 16 36 
48 17 38 48 8 4 34 21 2 6 30 36 12 6 7 24 0 29 36 5 34 27 46 45 1 36 44 29 39 34 39 10 0 0 33 33 4 41 29 7 21 33 17 33 13 24 6 14 28 17 
print
19 36 44 39 31 19 24 49 22 37 32 10 22 6 10 4 14 40 45 43 21 40 25 38 22 39 36 3 27 38 45 20 24 12 34 29 31 32 1 2 19 7 37 41 38 21 19 1 10 38 
44 31 27 44 43 23 6 29 26 7 16 20 1 14 6 35 43 37 17 44 13 10 25 50 25 13 46 44 14 5 31 33 11 32 0 3 4 6 6 5 38 23 50 39 37 6 24 4 17 15 
22 5 50 48 29 24 10 24 42 24 4 47 6 15 28 6 43 6 37 50 11 24 22 11 38 33 42 11 37 8 0 9 13 50 31 43 48 41 16 39 14 45 35 46 9 12 26 27 43 38 
print
26 4 36 22 15 23 29 6 8 16 39 8 50 2 32 30 19 29 45 9 42 33 4 26 28 38 12 29 14 5 16 40 34 26 36 49 50 15 29 7 5 42 41 29 18 22 33 37 26 27 
21 42 34 50 18 12 37 4 15 1 34 5 15 17 31 26 40 30 15 43 38 20 35 2 23 2 49 5 14 49 6 35 41 40 34 33 26 45 37 15 46 21 20 36 38 1 36 2 5 0 
45 17 20 29 19 17 32 18 47 20 16 27 4 6 41 12 39 17 6 0 32 27 46 27 37 7 2 22 9 7 22 4 25 16 33 18 33 39 10 3 8 27 30 37 7 20 49 21 11 30 
46 44 31 41 45 17 48 47 13 7 3 9 11 2 25 18 21 32 7 5 35 15 32 39 2 14 8 25 9 20 29 4 38 9 19 32 0 16 2 13 48 5 22 33 33 21 1 28 27 8 
33 36 48 40 24 24 28 7 24 37 27 2 15 39 37 34 20 37 24 22 0 47 1 47 29 8 43 30 36 19 12 44 5 35 33 3 8 10 10 6 21 11 9 10 50 46 18 44 6 16 
print
